x = [1 2 3 4]
y = [5 6 7 8]
z = x + y
z = x - y
z = x - 1

a = [1 2 3 ; 4 5 6 ; 7 8 9]
b = [9 8 7 ; 6 5 4 ; 3 2 1]
z = a + b
z = a - b
z = a - 1
