x = [1 2 3 ; 4 5 6 ; 7 8 9]
y = zeros(2,3)
z = ones(2,3)
a = eye(5)
