v = [1 2 3 4 5 6 7 8 9 10]
v'

x = [1 2 3 ; 4 5 6 ; 7 8 9]
x'

v(5)

x(2,3)
v(2:7)

x(:,2)
x(3,:)
x(:,2:3)
x(1:2,:)
x(2:3,2:3)

y = [10:-1:4;ones(1,7);2:2:14;zeros(1,7)]
