x = [1 2 3 4]
y = [12.5 , 56 , 91 , 43]
z = [0 : 5 : 50]
a = [0 : 20]
b = linspace(1,50,10)
v1 = 1
v2 = 2
v3 = 3
V = [v1 * 2 , v2 * 3 , v3 * 4]
