a = [6 43 2 11 87 ; 12 6 34 0 5 ; 34 18 7 41 9]

va = a(2,:)

vb = a(:,4);

vb = vb'

uc = [a(:,1);a(:,3);a(:,5)]

ud = [a(1,:),a(2,:)]
