v = [15 : -5 : -25];
v'
